capA = 8.854000e-12
capB = 1.180533e-11
capC = 1.328100e-11
capD = 1.852102e-11
capE = 1.301587e-11
